agentCount 20000
alignRange 2900.2 782.795 4920.43 2708.24
attractRange 2245.78 4381.88 5659.37 5925.53
cellSize 30
deposit 0.232572 0.223154 0.21916 0.247304
diffuseRate 0.300605 0.969901 0.934076 0.848062
eat 0.091893 0.135281 0.236911 0.136123
foodSensorDist 49.7567 81.2027 70.0365 88.7628
foodStrength 3.51667 0.346449 0.736356 3.437
globalSeparateRange 652.824 1607.8 778.807 825.587
hue 0.0521547 0.24 0.423 0.507115
linkTypes 0
maxForce 0.0913266 0.599638 0.298144 0.795892
maxSpeed 5.878 1.312 0.919314 5.77644
saturation 0.377773 0.561 0.480568 0.89834
sensorAngle 0.668037 0.202118 1.09284 2.055
typeSeparateRange 1797.79 1066.97 1867.55 1739.83
